а 0,011 0,009121781006044211
август 0,001 0,00010125421707123972
американец 0,001 8,767947588146912E-05
бабочка 0,001 2,370016289689457E-05
без 0,001 0,001133602157716253
белый 0,001 0,0003778673859054177
беспредельный 0,001 4,339466445910274E-06
ближний 0,001 3,438192645605832E-05
бог 0,002 0,0004733356477154437
больничный 0,001 1,6912792302009272E-05
больше 0,001 0,0004620975423042402
больший 0,001 0,00014342492945585496
бросать 0,001 6,253282416927112E-05
бросить 0,001 0,00018526183672924631
брошюра 0,001 8,122591039780768E-06
будущий 0,001 0,00012428676974568655
бы 0,003 0,0025840966343543643
быстро 0,001 0,0002845132231331428
быть 0,016 0,013531012720200275
в 0,022 0,03490956106853285
вагон 0,001 7,888927461924062E-05
вакцина 0,001 2,0473380155063853E-05
ввести 0,001 7,633010209985763E-05
вдруг 0,001 0,0005599024398928332
век 0,001 0,0003531658076748515
великий 0,001 0,0003074345074371817
вентиляция 0,001 5,22961340917392E-06
верх 0,001 3,271290089993899E-05
вести 0,001 0,00031188524225349995
весь 0,001 0,004212954308756428
видеть 0,001 0,0009103978066778939
вконец 0,001 6,231028742845521E-06
владелец 0,001 7,032161009782803E-05
влияние 0,001 0,00012784735759874114
внимание 0,001 0,0003182275393667534
внимательно 0,001 7,543995513659398E-05
вносить 0,001 3,09326069734117E-05
во 0,001 0,0012993920296241071
водопроводный 0,001 4,895808297950053E-06
возле 0,001 0,00012350789115283086
возможный 0,001 0,00019928165140064872
возмущение 0,001 1,6022645338745627E-05
возникать 0,001 0,00015399542464461074
война 0,002 0,00047389198956748345
вокруг 0,002 0,00017179836390988367
воля 0,001 0,00014064322019565606
воронежский 0,001 1,1571910522427397E-05
восток 0,001 8,734567077024525E-05
вот 0,005 0,001986251680152418
впервые 0,002 0,00017302231598437118
впереди 0,001 7,710898069271332E-05
впрочем 0,001 0,0002455692934903583
время 0,003 0,0022428365423131638
вряд 0,001 9,090625862329985E-05
все 0,004 0,003456885731834369
всегда 0,001 0,0006808511585262811
вставить 0,001 2,61480670458696E-05
вступить 0,001 5,90835046866245E-05
всякий 0,001 0,0004152535583624908
второй 0,001 0,0006146464781335475
вчера 0,001 0,00014197844064055151
вы 0,003 0,003233903917536826
выбирать 0,001 7,254697750598714E-05
выброс 0,001 1,201698400405922E-05
выйти 0,001 0,0005350895932918591
выкрикивать 0,001 1,045922681834784E-05
вымыть 0,001 1,513249837548198E-05
выражаться 0,001 3,3825584604018544E-05
вырасти 0,001 9,491191995798624E-05
где 0,002 0,0012564424386466361
ген 0,001 3,160021719585943E-05
главное 0,001 0,00011204724900081143
глаз 0,002 0,0009542375446186284
глупый 0,001 6,342297113253477E-05
говорить 0,003 0,0019527599006596231
год 0,006 0,00414752850695655
головка 0,001 2,536918845301391E-05
голодный 0,001 3,7274904086665174E-05
горный 0,001 6,0418725131519964E-05
город 0,001 0,0006380128359192182
готовый 0,001 0,00027650190046377
гражданин 0,001 0,00022186913059346375
грек 0,001 1,6356450449969494E-05
громадный 0,001 3,3269242751978766E-05
грубый 0,001 4,740032579378914E-05
да 0,002 0,0008912596469677254
даже 0,002 0,0013127442340730617
далекий 0,001 0,0003541672230085231
дама 0,001 9,758236084777718E-05
данный 0,001 0,00026826804105358127
два 0,001 0,001429909828112639
дверь 0,002 0,0005015978137990645
девушка 0,002 0,0002373354340801696
девчата 0,001 5,674686890805742E-06
дед 0,001 0,00012250647581915926
делегация 0,001 3,215655904789921E-05
дело 0,003 0,0015712206585307429
день 0,002 0,001400201173213715
держать 0,002 0,00021864234785163303
десантник 0,001 7,454980817333035E-06
для 0,001 0,0035931894855841147
до 0,005 0,0022933523824783756
доброта 0,001 1,8693086228536564E-05
документ 0,002 0,00025235666408524363
должен 0,003 0,001050595953391918
дорога 0,001 0,0003672968907166619
достаточно 0,001 0,00022776635422508537
достигаться 0,001 1,2573325856098999E-05
дрожь 0,001 1,3908546300994467E-05
друг 0,002 0,0009727080941063491
другой 0,002 0,0020443337695053706
дух 0,001 0,00017079694857621207
дядя 0,001 0,00011961349818855242
его 0,005 0,002868387320746691
ее 0,001 0,0013565839720137965
если 0,002 0,0022232533091213636
ехать 0,001 0,00022053391014856827
еще 0,002 0,0025857656599104833
же 0,005 0,0034986113707373523
жена 0,001 0,00041925921969717723
жест 0,001 5,0293303424395995E-05
жидкость 0,001 3,549461016013788E-05
за 0,003 0,004344028449097
заболевание 0,001 5,385389127745057E-05
забор 0,001 5,374262290704262E-05
заботливый 0,001 8,456396151004636E-06
зависеть 0,001 0,00012795862596914908
зависимость 0,001 0,00010114294870083178
завод 0,001 0,00018248012746904742
задача 0,002 0,000314221878032067
задний 0,001 9,669221388451354E-05
зажмурить 0,001 3,1155143714227603E-06
заклинание 0,001 1,3686009560178557E-05
заключенный 0,001 2,937484978770031E-05
замер 0,001 3,449319482646628E-06
замечать 0,001 8,834708610391686E-05
замкнуться 0,001 4,562003186726185E-06
заниматься 0,001 0,00026793423594235745
запас 0,001 7,543995513659398E-05
запомнить 0,001 5,474403824071423E-05
зарево 0,001 4,005661334686407E-06
засечь 0,001 4,784539927542096E-06
засовывать 0,001 4,228198075502318E-06
заходить 0,001 6,631594876314162E-05
защищать 0,001 5,6746868908057425E-05
здесь 0,001 0,0008865863754105913
зеленый 0,001 0,00013841785278749695
зло 0,001 6,308916602131091E-05
знать 0,004 0,0019069173320515453
и 0,042 0,0398360794367155
ибо 0,001 0,00014464888153034247
игра 0,001 0,0002214240571118319
игрок 0,001 4,728905742338119E-05
идея 0,001 0,000279061072983153
из 0,004 0,004800228767769619
из-за 0,001 0,00032223320070143985
измерение 0,001 4,239324912543114E-05
или 0,003 0,002609243286066562
именоваться 0,001 1,068176355916375E-05
иметь 0,001 0,0010088703144889347
иметься 0,001 0,00014286858760381518
интересовать 0,001 6,342297113253477E-05
интернационал 0,001 4,116929705094363E-06
интимный 0,001 1,7357865783641096E-05
искусство 0,001 0,00022542971844651831
исследовать 0,001 4,294959097747092E-05
исторический 0,001 0,0001450939550119743
история 0,001 0,0004939202962409155
источник 0,001 0,00013763897419464126
исчезновение 0,001 1,5800108597929716E-05
их 0,001 0,0011972476655896036
к 0,004 0,005996252481284735
каждый 0,001 0,0009745996564032843
казаться 0,001 0,0004987048361684576
как 0,008 0,004899925227655147
кампания 0,001 5,474403824071423E-05
кардинальный 0,001 6,898638965293256E-06
карта 0,001 0,00011460642152019441
качество 0,001 0,0003690771846431892
кивать 0,001 2,948611815810827E-05
килограмм 0,001 2,892977630606849E-05
клеточный 0,001 1,35747411897706E-05
когда 0,003 0,002109314497823617
комната 0,001 0,0003457108268575185
конечно 0,001 0,0007202401616506974
консолидация 0,001 7,788785928556902E-06
кончать 0,001 2,5146651712197998E-05
корабль 0,001 0,0001251769167089502
который 0,004 0,004683285710470857
кофе 0,002 6,854131617130074E-05
красивый 0,001 0,00019716755236289755
красотка 0,001 7,677517558148946E-06
кресло 0,001 0,00010414719470184657
крик 0,001 8,055830017535996E-05
кровать 0,001 9,836123944063288E-05
кроме 0,002 0,0003823181207217359
кто-то 0,001 0,0003471573156728219
купить 0,001 0,0002144141497761307
кусок 0,001 8,545410847331E-05
кусочек 0,001 3,97228082356402E-05
лагуна 0,001 3,671856223462539E-06
легенда 0,001 4,039041845808793E-05
ли 0,002 0,0010923215922949015
лингвист 0,001 4,005661334686407E-06
липа 0,001 1,3129667708138777E-05
литература 0,001 0,00017357865783641094
личность 0,001 0,00012862623619159684
лишь 0,001 0,0006147577465039554
любить 0,001 0,0005597911715224253
любовь 0,001 0,0003603982517513686
любой 0,001 0,0004548650982277231
магазин 0,001 0,00016378704124051083
макака 0,001 4,228198075502318E-06
маленький 0,001 0,0004607623218593447
мало 0,001 0,00016734762909356544
между 0,003 0,0006759553502283311
менее 0,001 0,00021463668651694663
мертвый 0,001 7,877800624883265E-05
местный 0,001 0,00021508175999857844
место 0,001 0,0010310127202001178
министерство 0,001 0,0001143838847793785
мир 0,001 0,0007952350433056597
многий 0,001 0,0003793138747207211
может 0,001 0,0002459030986015822
можно 0,002 0,0012527705824231738
мой 0,002 0,0019141497761280624
мокрый 0,001 6,820751106007686E-05
молодой 0,001 0,00044507348163182295
монотонно 0,001 3,1155143714227603E-06
мочь 0,006 0,003240468751390895
мужской 0,001 7,922307973046448E-05
мужчина 0,002 0,0002817315138729439
муза 0,001 1,3129667708138777E-05
музыка 0,001 0,00019549852680677822
мы 0,004 0,005234954290953502
мысль 0,001 0,00036896591627278124
мышь 0,001 4,116929705094362E-05
мясо 0,001 7,94456164712804E-05
на 0,017 0,01765528613774156
над 0,001 0,0005975111490907223
надежный 0,001 5,251867083255511E-05
надеть 0,001 5,797082098254494E-05
надо 0,001 0,0011051174548918164
найти 0,001 0,0004718891589001403
наличие 0,001 0,00010448099981307044
наоборот 0,001 0,0001133824694457069
напарник 0,001 1,0570495188755795E-05
направление 0,001 0,00019939291977105666
направляться 0,001 2,7260750749949156E-05
нарта 0,001 3,1155143714227603E-06
насилие 0,001 2,948611815810827E-05
настоящий 0,001 0,00041614370532575446
наступить 0,001 7,466107654373829E-05
натура 0,001 3,738617245707313E-05
наука 0,001 0,0002659314052750142
нахождение 0,001 1,546630348670585E-05
начальник 0,001 0,00022131278874142396
начинать 0,001 0,000329354376407549
наш 0,002 0,0019269456387249774
не 0,02 0,02005946181714626
недоумение 0,001 2,6926945638725287E-05
некоторый 0,001 0,0004572017340062901
немаловажный 0,001 8,678932891820548E-06
необходимость 0,001 0,00014364746619667084
непоседа 0,001 6,00849200202961E-06
неразборчивый 0,001 5,8972236316216535E-06
несколько 0,004 0,0006939808262344199
неслышно 0,001 6,898638965293256E-06
нестись 0,001 2,6259335416277554E-05
несчастье 0,001 3,082133860300374E-05
нет 0,002 0,0009724855573655331
неудовлетворительный 0,001 4,116929705094363E-06
ни 0,004 0,0009549051548410762
нигде 0,001 4,461861653359025E-05
никакой 0,001 0,00042693673725532617
но 0,003 0,00598779608513373
новый 0,002 0,0013546924097168611
нормальный 0,001 0,00013708263234260147
нос 0,001 0,00015444049812624258
ночь 0,001 0,0004481889960032457
ну 0,002 0,0012401972565670746
о 0,004 0,00379102464816946
обвинение 0,001 4,383973794073456E-05
обескуражить 0,001 4,339466445910274E-06
обеспечить 0,001 9,613587203247376E-05
обещать 0,001 0,00011927969307732855
оборванный 0,001 3,449319482646628E-06
обоснованный 0,001 9,680348225492148E-06
обрадоваться 0,001 4,639891046011755E-05
образ 0,001 0,0004961456636490746
обратить 0,001 9,824997107022491E-05
обрушиваться 0,001 4,562003186726185E-06
общепринятый 0,001 1,0125421707123972E-05
общественный 0,001 0,00018704213065577358
объединение 0,002 7,633010209985763E-05
объяснить 0,002 0,00017958714983844058
ограничиваться 0,001 1,8136744376496786E-05
ограничить 0,001 2,9931191639740093E-05
одарить 0,001 7,56624918774099E-06
один 0,004 0,0024987537942514617
одинаковый 0,002 5,8193357723360845E-05
ой 0,001 7,176809891313145E-05
оказаться 0,001 0,0005918364621999166
оказываться 0,001 0,00017257724250273934
окно 0,001 0,0003124415841055397
он 0,018 0,013119764823172468
она 0,007 0,006222572346694516
они 0,003 0,005396515964785853
определить 0,001 0,0001341896547119946
орган 0,001 0,00032089798025654434
осенний 0,001 3,09326069734117E-05
осечься 0,001 4,784539927542096E-06
ослабеть 0,001 6,6761022244773445E-06
основа 0,001 0,00025702993564237774
основание 0,001 0,0001766941722078337
основной 0,001 0,00037174762553298014
особенно 0,002 0,0003341389163350911
особь 0,001 8,567664521412592E-06
оставаться 0,002 0,0003642926447156471
оставить 0,001 0,00023421991970874682
остальной 0,001 0,00011371627455693077
остаться 0,001 0,0005370924239592024
от 0,002 0,004086330903232175
отвечать 0,001 0,0002585876928280891
отделение 0,001 0,00010036407010797608
отклонение 0,001 1,8136744376496786E-05
открыться 0,001 7,009907335701211E-05
отличие 0,001 0,00010659509885082159
отношение 0,001 0,0006202098966539452
отсюда 0,001 9,457811484676238E-05
отчаянный 0,001 2,4924114971382082E-05
охранник 0,001 3,705236734584926E-05
очень 0,004 0,0014318013904095744
очередь 0,001 0,00023644528711690594
панихида 0,001 5,785955261213698E-06
папка 0,002 3,304670601116285E-05
парень 0,001 0,0001561095236823619
парламентский 0,001 2,147479548873546E-05
пациент 0,001 3,983407660604815E-05
первый 0,002 0,0014972271922094522
перевалить 0,001 5,8972236316216535E-06
перед 0,001 0,0006973188773466587
пережить 0,001 5,441023312949035E-05
песня 0,001 0,00017814066102313713
по 0,007 0,006438766790397174
побрать 0,001 7,009907335701212E-06
повторить 0,001 9,00161116600362E-05
погибнуть 0,001 0,00010615002536918977
под 0,001 0,0012528818507935816
подарок 0,001 8,389635128759863E-05
подозревать 0,001 4,806793601623688E-05
подоплека 0,001 4,673271557134141E-06
познакомиться 0,002 7,477234491414626E-05
пойти 0,001 0,0006533678710355161
положение 0,002 0,0002984217694341373
полоса 0,001 6,854131617130074E-05
получаться 0,001 0,0001413108304181038
получение 0,001 9,157386884574757E-05
получить 0,001 0,0006205437017651692
пользование 0,001 4,228198075502318E-05
полюбить 0,001 3,349177949279468E-05
полюс 0,001 1,746913415404905E-05
помещение 0,001 0,00010225563240491133
понимание 0,001 9,646967714369763E-05
понимать 0,001 0,0006227690691733283
понравиться 0,001 0,00010359085284980678
после 0,002 0,0012018096687763298
похоже 0,001 6,865258454170869E-05
похоронить 0,001 2,581426193464573E-05
появиться 0,002 0,00032779661922183764
правительство 0,002 0,00030899226462289305
право 0,001 0,0005133922610623077
пребывание 0,001 3,883266127237655E-05
преграда 0,001 1,1015568670387618E-05
предположить 0,001 5,218486572133124E-05
представление 0,001 0,00015822362272011306
предъявить 0,001 2,9931191639740093E-05
премьера 0,001 3,427065808565037E-05
преодолеть 0,001 3,427065808565037E-05
при 0,001 0,0017255498882865776
привести 0,001 0,00023889319126588096
признание 0,001 7,06554152090519E-05
приказ 0,001 8,834708610391686E-05
приносить 0,001 7,221317239476328E-05
принять 0,001 0,0004304973251083807
природа 0,001 0,00018904496132311681
пристрастие 0,001 1,4576156523442201E-05
прицельный 0,001 3,2267827418307163E-06
прическа 0,001 1,7135329042825184E-05
про 0,001 0,0004362832803695945
провалиться 0,001 2,2810015933630927E-05
продвинуться 0,001 6,6761022244773445E-06
продолжать 0,001 0,0002677116992015415
продолжительность 0,001 1,7691670894864962E-05
просто 0,001 0,0007304768517282294
простой 0,001 0,00030632182373310215
прошлое 0,001 0,0001237304278936468
прыгать 0,001 4,2838322607062956E-05
психика 0,001 2,2476210822407057E-05
пузырь 0,001 1,7914207635680874E-05
пчела 0,001 1,1460642152019442E-05
пыль 0,001 5,9528578168256316E-05
пять 0,001 0,0003163359770698182
работа 0,001 0,0011775531640273954
радоваться 0,001 6,431311809579842E-05
раз 0,001 0,001259335416277243
разбегаться 0,001 9,235274743860326E-06
разве 0,001 0,00018515056835883835
разговор 0,001 0,0003096598748453408
размахнуться 0,001 4,005661334686407E-06
разместить 0,001 2,459030986015822E-05
разработка 0,001 0,0001289600413028207
разрешаться 0,001 1,4353619782626291E-05
районный 0,001 3,271290089993899E-05
рама 0,001 2,3588894526486614E-05
ранний 0,001 0,00025113271201075607
рано 0,001 0,0001603377217578642
рассвет 0,001 2,7928360972396892E-05
растерять 0,001 1,1571910522427397E-05
расти 0,001 0,0001399756099732083
растянуться 0,001 7,56624918774099E-06
расчет 0,001 0,0001211712553742638
реализация 0,001 0,0001058162202579659
ребенок 0,001 0,0007324796823955725
результат 0,001 0,0004485228011144696
рекламный 0,001 4,628764208970959E-05
решение 0,001 0,0005044907914296713
рисунок 0,001 0,00019939291977105666
родитель 0,001 0,0001780293926527292
родиться 0,001 0,00012985018826608435
родной 0,001 0,00013385584960077076
российский 0,002 0,0007172359156496827
россиянин 0,001 3,838758779074473E-05
ростовский 0,001 1,201698400405922E-05
рубль 0,001 0,0003297994498891808
рука 0,003 0,0013358880551179164
руководитель 0,001 0,0001802547600608883
русский 0,001 0,0005902787050142052
рынок 0,001 0,0003152232933657386
с 0,008 0,012586566792177544
сажа 0,001 3,3380511122386723E-06
самый 0,002 0,001120917563489746
сбор 0,001 6,820751106007686E-05
сборник 0,001 3,3269242751978766E-05
сварка 0,001 4,562003186726185E-06
свобода 0,001 0,00019460837984351458
свой 0,004 0,004256571509956347
сволочь 0,001 2,7928360972396892E-05
связывать 0,001 3,7274904086665174E-05
связь 0,001 0,0003850998299819348
сгрести 0,001 3,671856223462539E-06
сделать 0,001 0,0008272803339831509
себя 0,004 0,0025289075226320183
северо-кавказский 0,001 3,449319482646628E-06
сегодня 0,001 0,0005157288968408748
седьмой 0,001 4,1614370532575446E-05
семь 0,001 0,00011460642152019441
серьезный 0,001 0,0001924942808057634
сидеть 0,002 0,0005987351011652099
сила 0,001 0,0007185711360945781
сильный 0,001 0,0002453467567495424
символический 0,001 1,591137696833767E-05
система 0,002 0,0006874159923803505
ситуация 0,002 0,00033246989077897175
сказать 0,002 0,002666657765197067
сквозь 0,001 0,0001229515493007911
слава 0,001 0,0001337445812303628
славно 0,001 6,1197603724375654E-06
следовать 0,001 0,000339479798114673
случай 0,001 0,0007896716247852619
слышать 0,001 0,00028495829661477466
смелый 0,001 2,892977630606849E-05
смешно 0,001 3,304670601116285E-05
смотреть 0,002 0,0007423825673618808
со 0,001 0,0012810327485067944
собирать 0,001 8,356254617637475E-05
соблюдать 0,001 2,459030986015822E-05
совать 0,001 1,4687424893850156E-05
совет 0,001 0,0002731638493515313
советник 0,002 2,6704408897909378E-05
советский 0,001 0,0004260465902920625
совмещать 0,001 7,343712446925078E-06
совпадение 0,001 2,214240571118319E-05
совсем 0,003 0,0005123908457286361
создание 0,001 0,00022932411141079675
сознание 0,001 0,0001615616738323517
солнце 0,001 0,00018381534791394287
сопротивление 0,001 4,016788171727202E-05
сорок 0,001 0,00011071202855591595
сотрудничать 0,001 1,702406067241723E-05
сотрудничество 0,001 7,855546950801674E-05
сохранять 0,001 4,4952421644814115E-05
социальный 0,001 0,00025391442127095496
спор 0,001 8,812454936310095E-05
справедливость 0,001 4,717778905297323E-05
спуститься 0,001 4,395100631114251E-05
сразу 0,002 0,0005407642801826648
среда 0,001 0,00015844615946092897
средний 0,001 0,00019727882073330554
средство 0,001 0,0004049055999145509
ссуда 0,001 7,900054298964858E-06
ставить 0,001 0,0001543292297558346
стандартный 0,001 3,271290089993899E-05
станция 0,001 0,00011460642152019441
старость 0,001 3,282416927034694E-05
старший 0,001 0,00016634621375989381
старый 0,002 0,0004100239449533169
стена 0,001 0,00029041044676476446
стесняться 0,001 3,371431623361059E-05
стойка 0,001 3,237909578871512E-05
столовая 0,001 4,0612955198903844E-05
столько 0,001 0,00011093456529673187
стоять 0,001 0,00046654827712055844
страна 0,001 0,0008074745640505349
страх 0,001 0,00015399542464461074
страхование 0,001 4,205944401420726E-05
страшно 0,001 9,70260189957374E-05
студенческий 0,001 2,6815677268317336E-05
субъект 0,001 0,00010826412440694093
суд 0,001 0,00041291692258392374
существующий 0,001 4,0724223569311805E-05
съездить 0,001 2,069591689587977E-05
сыворотка 0,001 2,8039629342804846E-05
сюжет 0,001 6,297789765090295E-05
так 0,005 0,003828077015515309
также 0,002 0,0006341184429549397
такой 0,003 0,0030006854131617504
там 0,002 0,0012552184865721485
танк 0,001 5,852716283458472E-05
тариф 0,001 4,383973794073456E-05
твой 0,001 0,00040790984591556576
творчески 0,001 4,784539927542096E-06
телеграмма 0,001 3,427065808565037E-05
тереться 0,001 5,452150149989831E-06
техника 0,001 0,00014520522338238223
технический 0,001 0,00013730516908341738
технологический 0,001 5,474403824071423E-05
тип 0,001 0,0002191986897036728
то 0,008 0,004411123276452997
тогда 0,002 0,0009297585031288781
тоже 0,001 0,0009363233369829475
только 0,003 0,0026612056150470773
торговец 0,001 1,4019814671402423E-05
тот 0,006 0,0033014438183744544
трагедия 0,001 5,0849645276435774E-05
традиционно 0,001 2,1586063859143413E-05
трасса 0,001 3,616222038258562E-05
трибуна 0,001 2,892977630606849E-05
трое 0,001 6,843004780089278E-05
труд 0,001 0,00031811627099634544
ты 0,002 0,0035285425623770923
тысяча 0,001 0,00046287642089709585
тысячелетний 0,001 4,228198075502318E-06
у 0,002 0,004791327298136983
убить 0,001 0,00016100533198031193
убрать 0,001 5,22961340917392E-05
убыток 0,001 2,3477626156078663E-05
увеличение 0,001 7,788785928556902E-05
увлечение 0,001 2,3477626156078663E-05
уже 0,002 0,002424760327930171
указание 0,001 5,90835046866245E-05
улица 0,002 0,0003758645552380745
улыбнуться 0,001 0,00013240936078546734
умственный 0,001 1,802547600608883E-05
управление 0,002 0,0002854033700964065
усердный 0,001 2,892977630606849E-06
усик 0,001 8,011322669372814E-06
устойчивый 0,001 3,97228082356402E-05
фамилия 0,001 0,0001314079454517957
фантастический 0,001 2,7372019120357114E-05
федеральный 0,001 0,00023243962578221953
фиг 0,001 7,454980817333035E-06
фон 0,001 7,510615002537012E-05
форма 0,001 0,0003869913922788701
хмуриться 0,001 6,4535654836614325E-06
хоккей 0,001 1,3018399337730821E-05
хороший 0,001 0,0005245190981031033
хотеть 0,001 0,0011030033558540652
хотеться 0,001 0,00031744866077389774
хоть 0,001 0,00022687620726182176
хотя 0,002 0,0006085267177611098
худой 0,001 3,8498856161152685E-05
худший 0,001 2,1808600599959325E-05
цвет 0,001 0,00018203505398741557
цена 0,001 0,0002627046225331835
чай 0,001 0,00011883461959569672
час 0,001 0,0005208472418796408
частица 0,001 3,994534497645611E-05
частный 0,001 0,00012094871863344788
часть 0,001 0,0006513650403681729
часы 0,001 8,066956854576792E-05
чего-то 0,001 5,118345038765963E-06
человек 0,001 0,0030298377262086345
человеческий 0,002 0,0002217578622230558
человечество 0,001 7,633010209985763E-05
чем 0,001 0,0008023562190117688
число 0,001 0,00043784103755530583
читать 0,001 0,00033870091952181724
что 0,015 0,009295359663880622
что-то 0,001 0,0007428276408435125
чтобы 0,003 0,001646438076926521
чувство 0,001 0,0002694919931280688
чудо 0,001 9,502318832839421E-05
шаг 0,001 0,0002267649388914138
шанс 0,001 6,242155579886317E-05
шестидесятый 0,001 9,569079855084192E-06
широкий 0,001 0,0002046225331802306
школьный 0,001 6,208775068763929E-05
шляпка 0,001 9,12400637345237E-06
шприц 0,001 8,678932891820548E-06
шутить 0,001 4,239324912543114E-05
экономический 0,003 0,00023433118807915477
элемент 0,001 0,00013841785278749695
эпоха 0,001 9,90288496630806E-05
это 0,007 0,006350976046145298
этот 0,005 0,006024069573886724
юг 0,001 4,395100631114251E-05
юридический 0,001 9,969645988552833E-05
я 0,014 0,014113725176026737
явственно 0,001 9,235274743860326E-06
